Light_500
500
2109
1
2
3
4
5
6
7
8
9
10
11
12
13
14
15
16
17
18
19
20
21
22
23
24
25
26
27
28
29
30
31
32
33
34
35
36
37
38
39
40
41
42
43
44
45
46
47
48
49
50
51
52
53
54
55
56
57
58
59
60
61
62
63
64
65
66
67
68
69
70
71
72
73
74
75
76
77
78
79
80
81
82
83
84
85
86
87
88
89
90
91
92
93
94
95
96
97
98
99
100
101
102
103
104
105
106
107
108
109
110
111
112
113
114
115
116
117
118
119
120
121
122
123
124
125
126
127
128
129
130
131
132
133
134
135
136
137
138
139
140
141
142
143
144
145
146
147
148
149
150
151
152
153
154
155
156
157
158
159
160
161
162
163
164
165
166
167
168
169
170
171
172
173
174
175
176
177
178
179
180
181
182
183
184
185
186
187
188
189
190
191
192
193
194
195
196
197
198
199
200
201
202
203
204
205
206
207
208
209
210
211
212
213
214
215
216
217
218
219
220
221
222
223
224
225
226
227
228
229
230
231
232
233
234
235
236
237
238
239
240
241
242
243
244
245
246
247
248
249
250
251
252
253
254
255
256
257
258
259
260
261
262
263
264
265
266
267
268
269
270
271
272
273
274
275
276
277
278
279
280
281
282
283
284
285
286
287
288
289
290
291
292
293
294
295
296
297
298
299
300
301
302
303
304
305
306
307
308
309
310
311
312
313
314
315
316
317
318
319
320
321
322
323
324
325
326
327
328
329
330
331
332
333
334
335
336
337
338
339
340
341
342
343
344
345
346
347
348
349
350
351
352
353
354
355
356
357
358
359
360
361
362
363
364
365
366
367
368
369
370
371
372
373
374
375
376
377
378
379
380
381
382
383
384
385
386
387
388
389
390
391
392
393
394
395
396
397
398
399
400
401
402
403
404
405
406
407
408
409
410
411
412
413
414
415
416
417
418
419
420
421
422
423
424
425
426
427
428
429
430
431
432
433
434
435
436
437
438
439
440
441
442
443
444
445
446
447
448
449
450
451
452
453
454
455
456
457
458
459
460
461
462
463
464
465
466
467
468
469
470
471
472
473
474
475
476
477
478
479
480
481
482
483
484
485
486
487
488
489
490
491
492
493
494
495
496
497
498
499
500
1,489,1.000000
1,435,1.000000
1,284,1.000000
1,209,1.000000
1,154,1.000000
1,106,1.000000
2,416,1.000000
2,350,1.000000
2,341,1.000000
2,329,1.000000
2,268,1.000000
2,257,1.000000
2,243,1.000000
2,232,1.000000
2,177,1.000000
2,145,1.000000
2,100,1.000000
2,74,1.000000
2,63,1.000000
3,498,1.000000
3,496,1.000000
3,439,1.000000
3,422,1.000000
3,354,1.000000
3,155,1.000000
3,65,1.000000
4,473,1.000000
4,439,1.000000
4,430,1.000000
4,422,1.000000
4,402,1.000000
4,400,1.000000
4,391,1.000000
4,384,1.000000
4,378,1.000000
4,359,1.000000
4,297,1.000000
4,275,1.000000
4,158,1.000000
4,155,1.000000
4,122,1.000000
5,494,1.000000
5,484,1.000000
5,467,1.000000
5,461,1.000000
5,443,1.000000
5,419,1.000000
5,411,1.000000
5,404,1.000000
5,395,1.000000
5,394,1.000000
5,388,1.000000
5,387,1.000000
5,380,1.000000
5,352,1.000000
5,346,1.000000
5,337,1.000000
5,325,1.000000
5,313,1.000000
5,292,1.000000
5,271,1.000000
5,258,1.000000
5,239,1.000000
5,235,1.000000
5,223,1.000000
5,222,1.000000
5,211,1.000000
5,203,1.000000
5,195,1.000000
5,188,1.000000
5,167,1.000000
5,149,1.000000
5,146,1.000000
5,124,1.000000
5,98,1.000000
5,91,1.000000
5,75,1.000000
5,70,1.000000
5,62,1.000000
5,25,1.000000
6,421,1.000000
6,374,1.000000
7,456,1.000000
7,440,1.000000
7,415,1.000000
7,362,1.000000
7,318,1.000000
7,282,1.000000
7,213,1.000000
7,207,1.000000
7,204,1.000000
7,187,1.000000
7,186,1.000000
7,183,1.000000
7,128,1.000000
7,72,1.000000
7,57,1.000000
7,53,1.000000
7,45,1.000000
9,478,1.000000
9,248,1.000000
10,308,1.000000
11,487,1.000000
11,469,1.000000
11,467,1.000000
11,443,1.000000
11,425,1.000000
11,419,1.000000
11,411,1.000000
11,387,1.000000
11,383,1.000000
11,380,1.000000
11,370,1.000000
11,337,1.000000
11,325,1.000000
11,273,1.000000
11,267,1.000000
11,246,1.000000
11,245,1.000000
11,238,1.000000
11,234,1.000000
11,229,1.000000
11,222,1.000000
11,167,1.000000
11,160,1.000000
11,126,1.000000
11,39,1.000000
11,23,1.000000
12,468,1.000000
13,481,1.000000
13,364,1.000000
13,279,1.000000
13,104,1.000000
13,87,1.000000
13,69,1.000000
14,392,1.000000
14,345,1.000000
14,143,1.000000
15,484,1.000000
15,479,1.000000
15,469,1.000000
15,467,1.000000
15,461,1.000000
15,443,1.000000
15,411,1.000000
15,395,1.000000
15,388,1.000000
15,387,1.000000
15,385,1.000000
15,377,1.000000
15,360,1.000000
15,352,1.000000
15,346,1.000000
15,325,1.000000
15,313,1.000000
15,292,1.000000
15,271,1.000000
15,265,1.000000
15,252,1.000000
15,233,1.000000
15,231,1.000000
15,223,1.000000
15,222,1.000000
15,218,1.000000
15,211,1.000000
15,203,1.000000
15,195,1.000000
15,192,1.000000
15,188,1.000000
15,184,1.000000
15,172,1.000000
15,149,1.000000
15,147,1.000000
15,146,1.000000
15,124,1.000000
15,98,1.000000
15,75,1.000000
15,70,1.000000
15,62,1.000000
15,52,1.000000
15,25,1.000000
17,454,1.000000
17,453,1.000000
17,450,1.000000
17,125,1.000000
19,29,1.000000
20,389,1.000000
20,305,1.000000
20,81,1.000000
21,497,1.000000
21,486,1.000000
21,383,1.000000
21,229,1.000000
21,162,1.000000
21,23,1.000000
22,290,1.000000
22,138,1.000000
23,486,1.000000
23,425,1.000000
23,419,1.000000
23,383,1.000000
23,380,1.000000
23,370,1.000000
23,337,1.000000
23,246,1.000000
23,238,1.000000
23,234,1.000000
23,229,1.000000
23,167,1.000000
23,162,1.000000
23,160,1.000000
23,39,1.000000
24,304,1.000000
24,31,1.000000
25,494,1.000000
25,484,1.000000
25,479,1.000000
25,469,1.000000
25,467,1.000000
25,461,1.000000
25,443,1.000000
25,411,1.000000
25,404,1.000000
25,401,1.000000
25,395,1.000000
25,394,1.000000
25,388,1.000000
25,387,1.000000
25,385,1.000000
25,352,1.000000
25,346,1.000000
25,325,1.000000
25,313,1.000000
25,292,1.000000
25,271,1.000000
25,265,1.000000
25,252,1.000000
25,239,1.000000
25,235,1.000000
25,231,1.000000
25,223,1.000000
25,222,1.000000
25,218,1.000000
25,211,1.000000
25,203,1.000000
25,195,1.000000
25,192,1.000000
25,188,1.000000
25,184,1.000000
25,172,1.000000
25,149,1.000000
25,147,1.000000
25,146,1.000000
25,124,1.000000
25,98,1.000000
25,75,1.000000
25,70,1.000000
25,62,1.000000
25,52,1.000000
26,321,1.000000
26,303,1.000000
26,201,1.000000
26,197,1.000000
26,133,1.000000
28,274,1.000000
30,274,1.000000
38,278,1.000000
38,115,1.000000
38,51,1.000000
39,459,1.000000
39,425,1.000000
39,370,1.000000
39,273,1.000000
39,267,1.000000
39,246,1.000000
39,245,1.000000
39,238,1.000000
39,234,1.000000
39,229,1.000000
39,160,1.000000
39,126,1.000000
40,269,1.000000
41,228,1.000000
43,392,1.000000
43,345,1.000000
43,143,1.000000
44,306,1.000000
44,194,1.000000
44,180,1.000000
45,456,1.000000
45,415,1.000000
45,408,1.000000
45,362,1.000000
45,358,1.000000
45,318,1.000000
45,282,1.000000
45,213,1.000000
45,207,1.000000
45,204,1.000000
45,187,1.000000
45,186,1.000000
45,183,1.000000
45,128,1.000000
45,92,1.000000
45,72,1.000000
45,57,1.000000
45,53,1.000000
46,348,1.000000
46,224,1.000000
48,458,1.000000
48,347,1.000000
48,332,1.000000
48,311,1.000000
48,290,1.000000
48,138,1.000000
48,107,1.000000
48,73,1.000000
49,227,1.000000
49,219,1.000000
51,278,1.000000
51,115,1.000000
52,479,1.000000
52,469,1.000000
52,461,1.000000
52,443,1.000000
52,395,1.000000
52,387,1.000000
52,385,1.000000
52,377,1.000000
52,360,1.000000
52,346,1.000000
52,325,1.000000
52,292,1.000000
52,286,1.000000
52,271,1.000000
52,266,1.000000
52,265,1.000000
52,252,1.000000
52,233,1.000000
52,231,1.000000
52,223,1.000000
52,218,1.000000
52,211,1.000000
52,203,1.000000
52,195,1.000000
52,192,1.000000
52,188,1.000000
52,184,1.000000
52,172,1.000000
52,149,1.000000
52,147,1.000000
52,146,1.000000
52,124,1.000000
52,98,1.000000
52,75,1.000000
52,70,1.000000
52,62,1.000000
53,456,1.000000
53,440,1.000000
53,415,1.000000
53,408,1.000000
53,362,1.000000
53,318,1.000000
53,282,1.000000
53,213,1.000000
53,207,1.000000
53,204,1.000000
53,187,1.000000
53,186,1.000000
53,183,1.000000
53,166,1.000000
53,128,1.000000
53,57,1.000000
55,343,1.000000
56,92,1.000000
57,456,1.000000
57,440,1.000000
57,415,1.000000
57,408,1.000000
57,362,1.000000
57,318,1.000000
57,282,1.000000
57,213,1.000000
57,207,1.000000
57,204,1.000000
57,191,1.000000
57,187,1.000000
57,186,1.000000
57,183,1.000000
57,166,1.000000
57,128,1.000000
59,206,1.000000
60,435,1.000000
60,323,1.000000
60,286,1.000000
60,284,1.000000
60,154,1.000000
60,106,1.000000
61,472,1.000000
62,494,1.000000
62,484,1.000000
62,479,1.000000
62,469,1.000000
62,467,1.000000
62,461,1.000000
62,443,1.000000
62,411,1.000000
62,404,1.000000
62,401,1.000000
62,395,1.000000
62,394,1.000000
62,388,1.000000
62,387,1.000000
62,385,1.000000
62,352,1.000000
62,346,1.000000
62,325,1.000000
62,313,1.000000
62,292,1.000000
62,271,1.000000
62,265,1.000000
62,252,1.000000
62,239,1.000000
62,235,1.000000
62,231,1.000000
62,223,1.000000
62,222,1.000000
62,218,1.000000
62,211,1.000000
62,203,1.000000
62,195,1.000000
62,192,1.000000
62,188,1.000000
62,184,1.000000
62,172,1.000000
62,149,1.000000
62,147,1.000000
62,146,1.000000
62,124,1.000000
62,98,1.000000
62,75,1.000000
62,70,1.000000
63,341,1.000000
63,329,1.000000
63,268,1.000000
63,177,1.000000
63,100,1.000000
63,74,1.000000
65,498,1.000000
65,496,1.000000
65,439,1.000000
65,430,1.000000
65,422,1.000000
65,400,1.000000
65,391,1.000000
65,384,1.000000
65,378,1.000000
65,359,1.000000
65,354,1.000000
65,155,1.000000
66,460,1.000000
66,306,1.000000
66,264,1.000000
66,180,1.000000
69,485,1.000000
69,481,1.000000
69,364,1.000000
69,279,1.000000
69,104,1.000000
69,87,1.000000
70,494,1.000000
70,484,1.000000
70,479,1.000000
70,469,1.000000
70,467,1.000000
70,461,1.000000
70,443,1.000000
70,411,1.000000
70,404,1.000000
70,395,1.000000
70,394,1.000000
70,388,1.000000
70,387,1.000000
70,385,1.000000
70,380,1.000000
70,377,1.000000
70,352,1.000000
70,346,1.000000
70,325,1.000000
70,313,1.000000
70,292,1.000000
70,271,1.000000
70,265,1.000000
70,252,1.000000
70,239,1.000000
70,235,1.000000
70,231,1.000000
70,223,1.000000
70,222,1.000000
70,218,1.000000
70,211,1.000000
70,203,1.000000
70,195,1.000000
70,192,1.000000
70,188,1.000000
70,184,1.000000
70,149,1.000000
70,147,1.000000
70,146,1.000000
70,124,1.000000
70,98,1.000000
70,75,1.000000
71,478,1.000000
71,283,1.000000
71,248,1.000000
72,442,1.000000
72,428,1.000000
72,373,1.000000
72,334,1.000000
72,318,1.000000
72,272,1.000000
72,213,1.000000
72,207,1.000000
72,204,1.000000
72,187,1.000000
72,186,1.000000
72,183,1.000000
72,159,1.000000
72,128,1.000000
72,113,1.000000
73,347,1.000000
73,290,1.000000
73,138,1.000000
74,341,1.000000
74,329,1.000000
74,268,1.000000
74,177,1.000000
74,145,1.000000
74,100,1.000000
75,494,1.000000
75,484,1.000000
75,479,1.000000
75,469,1.000000
75,467,1.000000
75,461,1.000000
75,443,1.000000
75,411,1.000000
75,404,1.000000
75,401,1.000000
75,395,1.000000
75,394,1.000000
75,388,1.000000
75,387,1.000000
75,385,1.000000
75,377,1.000000
75,352,1.000000
75,346,1.000000
75,325,1.000000
75,313,1.000000
75,292,1.000000
75,271,1.000000
75,265,1.000000
75,252,1.000000
75,239,1.000000
75,231,1.000000
75,223,1.000000
75,222,1.000000
75,218,1.000000
75,211,1.000000
75,203,1.000000
75,195,1.000000
75,192,1.000000
75,188,1.000000
75,184,1.000000
75,172,1.000000
75,149,1.000000
75,147,1.000000
75,146,1.000000
75,124,1.000000
75,98,1.000000
77,90,1.000000
78,356,1.000000
78,266,1.000000
78,184,1.000000
78,172,1.000000
78,147,1.000000
78,97,1.000000
78,94,1.000000
79,307,1.000000
79,301,1.000000
79,121,1.000000
79,86,1.000000
80,493,1.000000
81,389,1.000000
81,305,1.000000
83,333,1.000000
83,216,1.000000
83,109,1.000000
85,412,1.000000
85,196,1.000000
86,396,1.000000
86,367,1.000000
86,307,1.000000
86,301,1.000000
86,121,1.000000
87,485,1.000000
87,481,1.000000
87,474,1.000000
87,386,1.000000
87,364,1.000000
87,279,1.000000
87,104,1.000000
89,426,1.000000
89,263,1.000000
89,190,1.000000
91,494,1.000000
91,419,1.000000
91,394,1.000000
91,258,1.000000
91,239,1.000000
91,235,1.000000
91,167,1.000000
91,157,1.000000
92,415,1.000000
92,358,1.000000
92,186,1.000000
94,480,1.000000
94,479,1.000000
94,385,1.000000
94,360,1.000000
94,356,1.000000
94,266,1.000000
94,265,1.000000
94,218,1.000000
94,192,1.000000
94,184,1.000000
94,172,1.000000
94,147,1.000000
94,124,1.000000
94,97,1.000000
95,254,1.000000
95,119,1.000000
97,480,1.000000
97,451,1.000000
97,404,1.000000
97,401,1.000000
97,356,1.000000
97,266,1.000000
97,184,1.000000
97,172,1.000000
97,127,1.000000
98,494,1.000000
98,484,1.000000
98,479,1.000000
98,469,1.000000
98,467,1.000000
98,461,1.000000
98,443,1.000000
98,411,1.000000
98,404,1.000000
98,401,1.000000
98,395,1.000000
98,394,1.000000
98,388,1.000000
98,387,1.000000
98,385,1.000000
98,377,1.000000
98,352,1.000000
98,346,1.000000
98,325,1.000000
98,313,1.000000
98,292,1.000000
98,271,1.000000
98,265,1.000000
98,252,1.000000
98,239,1.000000
98,231,1.000000
98,223,1.000000
98,222,1.000000
98,218,1.000000
98,211,1.000000
98,203,1.000000
98,195,1.000000
98,192,1.000000
98,188,1.000000
98,184,1.000000
98,172,1.000000
98,149,1.000000
98,147,1.000000
98,146,1.000000
98,124,1.000000
99,343,1.000000
100,416,1.000000
100,350,1.000000
100,341,1.000000
100,329,1.000000
100,268,1.000000
100,177,1.000000
100,145,1.000000
103,114,1.000000
104,485,1.000000
104,481,1.000000
104,364,1.000000
104,279,1.000000
105,240,1.000000
105,156,1.000000
106,489,1.000000
106,435,1.000000
106,323,1.000000
106,284,1.000000
106,154,1.000000
107,458,1.000000
107,347,1.000000
107,332,1.000000
107,311,1.000000
108,130,1.000000
109,476,1.000000
109,333,1.000000
109,216,1.000000
109,189,1.000000
110,491,1.000000
111,286,1.000000
113,442,1.000000
113,428,1.000000
113,373,1.000000
113,334,1.000000
113,272,1.000000
113,204,1.000000
113,187,1.000000
113,186,1.000000
113,159,1.000000
115,278,1.000000
116,319,1.000000
117,326,1.000000
117,208,1.000000
121,396,1.000000
121,307,1.000000
121,301,1.000000
122,473,1.000000
122,439,1.000000
122,430,1.000000
122,422,1.000000
122,402,1.000000
122,384,1.000000
122,378,1.000000
122,297,1.000000
122,275,1.000000
122,158,1.000000
123,432,1.000000
123,185,1.000000
124,484,1.000000
124,480,1.000000
124,479,1.000000
124,467,1.000000
124,461,1.000000
124,443,1.000000
124,404,1.000000
124,401,1.000000
124,395,1.000000
124,388,1.000000
124,385,1.000000
124,377,1.000000
124,360,1.000000
124,356,1.000000
124,352,1.000000
124,346,1.000000
124,325,1.000000
124,313,1.000000
124,292,1.000000
124,271,1.000000
124,266,1.000000
124,265,1.000000
124,252,1.000000
124,231,1.000000
124,223,1.000000
124,218,1.000000
124,211,1.000000
124,203,1.000000
124,195,1.000000
124,192,1.000000
124,188,1.000000
124,184,1.000000
124,172,1.000000
124,149,1.000000
124,147,1.000000
124,146,1.000000
125,454,1.000000
125,453,1.000000
125,450,1.000000
126,487,1.000000
126,470,1.000000
126,459,1.000000
126,425,1.000000
126,370,1.000000
126,273,1.000000
126,267,1.000000
126,246,1.000000
126,245,1.000000
126,238,1.000000
126,234,1.000000
126,160,1.000000
127,480,1.000000
127,451,1.000000
127,404,1.000000
127,401,1.000000
127,388,1.000000
127,356,1.000000
127,342,1.000000
127,313,1.000000
127,271,1.000000
127,266,1.000000
127,265,1.000000
127,218,1.000000
127,184,1.000000
127,172,1.000000
128,456,1.000000
128,440,1.000000
128,318,1.000000
128,282,1.000000
128,213,1.000000
128,207,1.000000
128,204,1.000000
128,187,1.000000
128,186,1.000000
128,183,1.000000
129,412,1.000000
130,405,1.000000
131,285,1.000000
133,375,1.000000
133,321,1.000000
133,303,1.000000
133,302,1.000000
133,197,1.000000
135,368,1.000000
135,169,1.000000
138,458,1.000000
138,347,1.000000
138,332,1.000000
138,311,1.000000
138,290,1.000000
141,288,1.000000
143,392,1.000000
143,345,1.000000
145,416,1.000000
145,350,1.000000
145,341,1.000000
145,329,1.000000
145,268,1.000000
145,243,1.000000
145,241,1.000000
145,177,1.000000
146,494,1.000000
146,484,1.000000
146,479,1.000000
146,469,1.000000
146,467,1.000000
146,461,1.000000
146,443,1.000000
146,411,1.000000
146,395,1.000000
146,394,1.000000
146,388,1.000000
146,387,1.000000
146,385,1.000000
146,380,1.000000
146,377,1.000000
146,360,1.000000
146,352,1.000000
146,346,1.000000
146,325,1.000000
146,313,1.000000
146,292,1.000000
146,271,1.000000
146,265,1.000000
146,252,1.000000
146,233,1.000000
146,231,1.000000
146,223,1.000000
146,222,1.000000
146,218,1.000000
146,211,1.000000
146,203,1.000000
146,195,1.000000
146,192,1.000000
146,188,1.000000
146,184,1.000000
146,149,1.000000
146,147,1.000000
147,480,1.000000
147,479,1.000000
147,461,1.000000
147,404,1.000000
147,401,1.000000
147,395,1.000000
147,388,1.000000
147,385,1.000000
147,377,1.000000
147,360,1.000000
147,356,1.000000
147,292,1.000000
147,271,1.000000
147,266,1.000000
147,265,1.000000
147,231,1.000000
147,223,1.000000
147,218,1.000000
147,211,1.000000
147,203,1.000000
147,192,1.000000
147,188,1.000000
147,184,1.000000
147,172,1.000000
149,494,1.000000
149,484,1.000000
149,479,1.000000
149,469,1.000000
149,467,1.000000
149,461,1.000000
149,443,1.000000
149,419,1.000000
149,411,1.000000
149,404,1.000000
149,395,1.000000
149,394,1.000000
149,388,1.000000
149,387,1.000000
149,385,1.000000
149,380,1.000000
149,377,1.000000
149,352,1.000000
149,346,1.000000
149,325,1.000000
149,313,1.000000
149,292,1.000000
149,271,1.000000
149,265,1.000000
149,258,1.000000
149,252,1.000000
149,239,1.000000
149,235,1.000000
149,233,1.000000
149,231,1.000000
149,223,1.000000
149,222,1.000000
149,218,1.000000
149,211,1.000000
149,203,1.000000
149,195,1.000000
149,192,1.000000
149,188,1.000000
149,167,1.000000
151,344,1.000000
152,483,1.000000
152,261,1.000000
154,489,1.000000
154,435,1.000000
154,377,1.000000
154,323,1.000000
154,284,1.000000
154,233,1.000000
155,498,1.000000
155,496,1.000000
155,473,1.000000
155,439,1.000000
155,430,1.000000
155,422,1.000000
155,384,1.000000
155,378,1.000000
155,354,1.000000
155,297,1.000000
155,158,1.000000
156,240,1.000000
156,214,1.000000
158,473,1.000000
158,439,1.000000
158,430,1.000000
158,422,1.000000
158,402,1.000000
158,400,1.000000
158,384,1.000000
158,378,1.000000
158,359,1.000000
158,297,1.000000
158,275,1.000000
159,442,1.000000
159,428,1.000000
159,373,1.000000
159,334,1.000000
159,272,1.000000
159,204,1.000000
160,467,1.000000
160,425,1.000000
160,419,1.000000
160,411,1.000000
160,387,1.000000
160,383,1.000000
160,380,1.000000
160,370,1.000000
160,337,1.000000
160,325,1.000000
160,273,1.000000
160,267,1.000000
160,258,1.000000
160,246,1.000000
160,239,1.000000
160,238,1.000000
160,234,1.000000
160,229,1.000000
160,222,1.000000
160,167,1.000000
162,497,1.000000
162,486,1.000000
162,383,1.000000
162,238,1.000000
162,229,1.000000
163,417,1.000000
165,499,1.000000
166,408,1.000000
166,362,1.000000
166,282,1.000000
166,191,1.000000
167,494,1.000000
167,484,1.000000
167,467,1.000000
167,443,1.000000
167,425,1.000000
167,419,1.000000
167,411,1.000000
167,394,1.000000
167,387,1.000000
167,380,1.000000
167,370,1.000000
167,352,1.000000
167,346,1.000000
167,337,1.000000
167,325,1.000000
167,267,1.000000
167,258,1.000000
167,246,1.000000
167,239,1.000000
167,238,1.000000
167,234,1.000000
167,229,1.000000
167,222,1.000000
171,351,1.000000
171,283,1.000000
171,255,1.000000
172,480,1.000000
172,479,1.000000
172,461,1.000000
172,451,1.000000
172,404,1.000000
172,401,1.000000
172,395,1.000000
172,388,1.000000
172,385,1.000000
172,360,1.000000
172,356,1.000000
172,313,1.000000
172,292,1.000000
172,271,1.000000
172,266,1.000000
172,265,1.000000
172,231,1.000000
172,223,1.000000
172,218,1.000000
172,203,1.000000
172,192,1.000000
172,188,1.000000
172,184,1.000000
177,416,1.000000
177,350,1.000000
177,341,1.000000
177,329,1.000000
177,268,1.000000
177,257,1.000000
177,243,1.000000
177,241,1.000000
177,232,1.000000
178,466,1.000000
180,460,1.000000
180,306,1.000000
180,194,1.000000
181,483,1.000000
181,295,1.000000
181,261,1.000000
182,406,1.000000
183,456,1.000000
183,415,1.000000
183,408,1.000000
183,362,1.000000
183,358,1.000000
183,318,1.000000
183,282,1.000000
183,213,1.000000
183,207,1.000000
183,204,1.000000
183,187,1.000000
183,186,1.000000
184,480,1.000000
184,479,1.000000
184,461,1.000000
184,451,1.000000
184,404,1.000000
184,401,1.000000
184,395,1.000000
184,388,1.000000
184,385,1.000000
184,360,1.000000
184,356,1.000000
184,313,1.000000
184,292,1.000000
184,271,1.000000
184,266,1.000000
184,265,1.000000
184,231,1.000000
184,223,1.000000
184,218,1.000000
184,211,1.000000
184,203,1.000000
184,195,1.000000
184,192,1.000000
184,188,1.000000
185,432,1.000000
186,456,1.000000
186,428,1.000000
186,415,1.000000
186,358,1.000000
186,334,1.000000
186,318,1.000000
186,282,1.000000
186,213,1.000000
186,207,1.000000
186,204,1.000000
186,187,1.000000
187,456,1.000000
187,428,1.000000
187,415,1.000000
187,358,1.000000
187,334,1.000000
187,318,1.000000
187,282,1.000000
187,213,1.000000
187,207,1.000000
187,204,1.000000
188,494,1.000000
188,484,1.000000
188,479,1.000000
188,469,1.000000
188,467,1.000000
188,461,1.000000
188,443,1.000000
188,404,1.000000
188,395,1.000000
188,394,1.000000
188,388,1.000000
188,387,1.000000
188,385,1.000000
188,377,1.000000
188,360,1.000000
188,352,1.000000
188,346,1.000000
188,325,1.000000
188,313,1.000000
188,292,1.000000
188,271,1.000000
188,266,1.000000
188,265,1.000000
188,252,1.000000
188,231,1.000000
188,223,1.000000
188,222,1.000000
188,218,1.000000
188,211,1.000000
188,203,1.000000
188,195,1.000000
188,192,1.000000
189,476,1.000000
189,333,1.000000
190,426,1.000000
190,263,1.000000
191,408,1.000000
191,362,1.000000
191,282,1.000000
192,484,1.000000
192,480,1.000000
192,479,1.000000
192,461,1.000000
192,404,1.000000
192,401,1.000000
192,395,1.000000
192,388,1.000000
192,385,1.000000
192,377,1.000000
192,360,1.000000
192,356,1.000000
192,352,1.000000
192,346,1.000000
192,313,1.000000
192,292,1.000000
192,271,1.000000
192,266,1.000000
192,265,1.000000
192,252,1.000000
192,231,1.000000
192,223,1.000000
192,218,1.000000
192,211,1.000000
192,203,1.000000
192,195,1.000000
194,306,1.000000
195,494,1.000000
195,484,1.000000
195,479,1.000000
195,469,1.000000
195,467,1.000000
195,461,1.000000
195,443,1.000000
195,411,1.000000
195,404,1.000000
195,401,1.000000
195,395,1.000000
195,394,1.000000
195,388,1.000000
195,387,1.000000
195,385,1.000000
195,380,1.000000
195,352,1.000000
195,346,1.000000
195,325,1.000000
195,313,1.000000
195,292,1.000000
195,271,1.000000
195,265,1.000000
195,258,1.000000
195,252,1.000000
195,239,1.000000
195,235,1.000000
195,231,1.000000
195,223,1.000000
195,222,1.000000
195,218,1.000000
195,211,1.000000
195,203,1.000000
196,412,1.000000
197,321,1.000000
197,303,1.000000
197,201,1.000000
201,321,1.000000
201,303,1.000000
202,376,1.000000
203,494,1.000000
203,484,1.000000
203,480,1.000000
203,479,1.000000
203,467,1.000000
203,461,1.000000
203,443,1.000000
203,404,1.000000
203,401,1.000000
203,395,1.000000
203,394,1.000000
203,388,1.000000
203,387,1.000000
203,385,1.000000
203,352,1.000000
203,346,1.000000
203,325,1.000000
203,313,1.000000
203,292,1.000000
203,271,1.000000
203,265,1.000000
203,252,1.000000
203,239,1.000000
203,235,1.000000
203,231,1.000000
203,223,1.000000
203,222,1.000000
203,218,1.000000
203,211,1.000000
204,440,1.000000
204,428,1.000000
204,373,1.000000
204,334,1.000000
204,318,1.000000
204,282,1.000000
204,213,1.000000
204,207,1.000000
207,456,1.000000
207,440,1.000000
207,415,1.000000
207,408,1.000000
207,362,1.000000
207,318,1.000000
207,282,1.000000
207,213,1.000000
208,326,1.000000
209,284,1.000000
209,277,1.000000
211,494,1.000000
211,484,1.000000
211,479,1.000000
211,469,1.000000
211,467,1.000000
211,461,1.000000
211,443,1.000000
211,411,1.000000
211,395,1.000000
211,394,1.000000
211,388,1.000000
211,387,1.000000
211,385,1.000000
211,380,1.000000
211,377,1.000000
211,352,1.000000
211,346,1.000000
211,325,1.000000
211,313,1.000000
211,292,1.000000
211,271,1.000000
211,265,1.000000
211,252,1.000000
211,239,1.000000
211,233,1.000000
211,231,1.000000
211,223,1.000000
211,222,1.000000
211,218,1.000000
213,456,1.000000
213,440,1.000000
213,415,1.000000
213,362,1.000000
213,318,1.000000
213,282,1.000000
215,474,1.000000
215,386,1.000000
216,333,1.000000
218,484,1.000000
218,480,1.000000
218,479,1.000000
218,461,1.000000
218,451,1.000000
218,404,1.000000
218,401,1.000000
218,395,1.000000
218,388,1.000000
218,385,1.000000
218,377,1.000000
218,360,1.000000
218,356,1.000000
218,352,1.000000
218,346,1.000000
218,313,1.000000
218,292,1.000000
218,271,1.000000
218,266,1.000000
218,265,1.000000
218,252,1.000000
218,231,1.000000
218,223,1.000000
219,227,1.000000
220,493,1.000000
222,487,1.000000
222,484,1.000000
222,469,1.000000
222,467,1.000000
222,461,1.000000
222,443,1.000000
222,425,1.000000
222,419,1.000000
222,411,1.000000
222,395,1.000000
222,394,1.000000
222,387,1.000000
222,380,1.000000
222,370,1.000000
222,352,1.000000
222,346,1.000000
222,337,1.000000
222,325,1.000000
222,292,1.000000
222,273,1.000000
222,267,1.000000
222,252,1.000000
222,246,1.000000
222,239,1.000000
222,234,1.000000
222,233,1.000000
222,231,1.000000
222,223,1.000000
223,484,1.000000
223,479,1.000000
223,469,1.000000
223,467,1.000000
223,461,1.000000
223,443,1.000000
223,411,1.000000
223,395,1.000000
223,394,1.000000
223,388,1.000000
223,387,1.000000
223,385,1.000000
223,377,1.000000
223,360,1.000000
223,352,1.000000
223,346,1.000000
223,325,1.000000
223,313,1.000000
223,292,1.000000
223,271,1.000000
223,265,1.000000
223,252,1.000000
223,233,1.000000
223,231,1.000000
224,348,1.000000
224,249,1.000000
225,445,1.000000
226,482,1.000000
229,497,1.000000
229,486,1.000000
229,425,1.000000
229,419,1.000000
229,383,1.000000
229,380,1.000000
229,370,1.000000
229,337,1.000000
229,246,1.000000
229,238,1.000000
229,234,1.000000
231,484,1.000000
231,479,1.000000
231,469,1.000000
231,467,1.000000
231,461,1.000000
231,443,1.000000
231,395,1.000000
231,388,1.000000
231,387,1.000000
231,385,1.000000
231,377,1.000000
231,360,1.000000
231,352,1.000000
231,346,1.000000
231,325,1.000000
231,313,1.000000
231,292,1.000000
231,271,1.000000
231,266,1.000000
231,265,1.000000
231,252,1.000000
231,233,1.000000
232,416,1.000000
232,379,1.000000
232,350,1.000000
232,341,1.000000
232,329,1.000000
232,268,1.000000
232,257,1.000000
232,243,1.000000
233,489,1.000000
233,487,1.000000
233,469,1.000000
233,467,1.000000
233,443,1.000000
233,425,1.000000
233,411,1.000000
233,395,1.000000
233,387,1.000000
233,377,1.000000
233,370,1.000000
233,325,1.000000
233,292,1.000000
233,273,1.000000
233,267,1.000000
233,252,1.000000
233,246,1.000000
233,245,1.000000
233,234,1.000000
234,487,1.000000
234,469,1.000000
234,443,1.000000
234,425,1.000000
234,419,1.000000
234,411,1.000000
234,387,1.000000
234,380,1.000000
234,370,1.000000
234,337,1.000000
234,325,1.000000
234,273,1.000000
234,267,1.000000
234,246,1.000000
234,245,1.000000
234,238,1.000000
235,494,1.000000
235,484,1.000000
235,467,1.000000
235,461,1.000000
235,419,1.000000
235,404,1.000000
235,394,1.000000
235,388,1.000000
235,352,1.000000
235,346,1.000000
235,313,1.000000
235,258,1.000000
235,239,1.000000
238,486,1.000000
238,425,1.000000
238,419,1.000000
238,383,1.000000
238,380,1.000000
238,370,1.000000
238,337,1.000000
238,273,1.000000
238,267,1.000000
238,246,1.000000
239,494,1.000000
239,484,1.000000
239,467,1.000000
239,461,1.000000
239,443,1.000000
239,419,1.000000
239,411,1.000000
239,394,1.000000
239,388,1.000000
239,387,1.000000
239,380,1.000000
239,352,1.000000
239,346,1.000000
239,337,1.000000
239,325,1.000000
239,313,1.000000
239,292,1.000000
239,258,1.000000
241,350,1.000000
243,416,1.000000
243,379,1.000000
243,350,1.000000
243,341,1.000000
243,329,1.000000
243,268,1.000000
243,257,1.000000
245,489,1.000000
245,487,1.000000
245,470,1.000000
245,459,1.000000
245,425,1.000000
245,370,1.000000
245,273,1.000000
245,267,1.000000
245,246,1.000000
246,487,1.000000
246,469,1.000000
246,467,1.000000
246,443,1.000000
246,425,1.000000
246,419,1.000000
246,411,1.000000
246,387,1.000000
246,380,1.000000
246,370,1.000000
246,337,1.000000
246,325,1.000000
246,273,1.000000
246,267,1.000000
248,478,1.000000
248,367,1.000000
248,283,1.000000
249,348,1.000000
250,427,1.000000
251,256,1.000000
252,487,1.000000
252,484,1.000000
252,479,1.000000
252,469,1.000000
252,467,1.000000
252,461,1.000000
252,443,1.000000
252,411,1.000000
252,395,1.000000
252,387,1.000000
252,385,1.000000
252,377,1.000000
252,360,1.000000
252,352,1.000000
252,346,1.000000
252,325,1.000000
252,292,1.000000
252,271,1.000000
252,267,1.000000
252,265,1.000000
253,371,1.000000
253,276,1.000000
254,455,1.000000
255,351,1.000000
255,283,1.000000
257,416,1.000000
257,379,1.000000
257,350,1.000000
257,341,1.000000
257,268,1.000000
258,494,1.000000
258,484,1.000000
258,467,1.000000
258,443,1.000000
258,419,1.000000
258,411,1.000000
258,394,1.000000
258,380,1.000000
258,352,1.000000
258,346,1.000000
258,337,1.000000
258,325,1.000000
261,483,1.000000
261,295,1.000000
263,426,1.000000
264,460,1.000000
265,484,1.000000
265,480,1.000000
265,479,1.000000
265,467,1.000000
265,461,1.000000
265,451,1.000000
265,443,1.000000
265,404,1.000000
265,401,1.000000
265,395,1.000000
265,388,1.000000
265,385,1.000000
265,377,1.000000
265,360,1.000000
265,356,1.000000
265,352,1.000000
265,346,1.000000
265,325,1.000000
265,313,1.000000
265,292,1.000000
265,271,1.000000
265,266,1.000000
266,480,1.000000
266,479,1.000000
266,451,1.000000
266,404,1.000000
266,401,1.000000
266,388,1.000000
266,385,1.000000
266,360,1.000000
266,356,1.000000
266,271,1.000000
267,487,1.000000
267,469,1.000000
267,467,1.000000
267,443,1.000000
267,425,1.000000
267,419,1.000000
267,411,1.000000
267,387,1.000000
267,380,1.000000
267,370,1.000000
267,337,1.000000
267,325,1.000000
267,273,1.000000
268,416,1.000000
268,350,1.000000
268,341,1.000000
268,329,1.000000
271,494,1.000000
271,484,1.000000
271,480,1.000000
271,479,1.000000
271,467,1.000000
271,461,1.000000
271,451,1.000000
271,443,1.000000
271,404,1.000000
271,401,1.000000
271,395,1.000000
271,394,1.000000
271,388,1.000000
271,385,1.000000
271,352,1.000000
271,346,1.000000
271,325,1.000000
271,313,1.000000
271,292,1.000000
272,442,1.000000
272,428,1.000000
272,373,1.000000
272,334,1.000000
273,489,1.000000
273,487,1.000000
273,469,1.000000
273,459,1.000000
273,425,1.000000
273,411,1.000000
273,387,1.000000
273,370,1.000000
273,337,1.000000
275,473,1.000000
275,297,1.000000
276,371,1.000000
277,284,1.000000
279,485,1.000000
279,481,1.000000
279,364,1.000000
280,298,1.000000
282,456,1.000000
282,440,1.000000
282,415,1.000000
282,408,1.000000
282,362,1.000000
282,318,1.000000
283,478,1.000000
283,367,1.000000
283,351,1.000000
284,489,1.000000
284,435,1.000000
284,323,1.000000
286,377,1.000000
286,360,1.000000
287,293,1.000000
290,458,1.000000
290,347,1.000000
290,332,1.000000
290,311,1.000000
292,494,1.000000
292,484,1.000000
292,479,1.000000
292,469,1.000000
292,467,1.000000
292,461,1.000000
292,443,1.000000
292,411,1.000000
292,395,1.000000
292,394,1.000000
292,388,1.000000
292,387,1.000000
292,385,1.000000
292,377,1.000000
292,360,1.000000
292,352,1.000000
292,346,1.000000
292,325,1.000000
292,313,1.000000
295,483,1.000000
296,407,1.000000
297,473,1.000000
297,439,1.000000
297,430,1.000000
297,422,1.000000
297,402,1.000000
297,400,1.000000
297,384,1.000000
297,378,1.000000
297,359,1.000000
300,436,1.000000
300,349,1.000000
301,396,1.000000
301,367,1.000000
301,307,1.000000
302,437,1.000000
302,375,1.000000
303,321,1.000000
305,389,1.000000
306,460,1.000000
308,464,1.000000
311,458,1.000000
311,347,1.000000
311,332,1.000000
313,494,1.000000
313,484,1.000000
313,480,1.000000
313,479,1.000000
313,467,1.000000
313,461,1.000000
313,451,1.000000
313,443,1.000000
313,404,1.000000
313,401,1.000000
313,395,1.000000
313,394,1.000000
313,388,1.000000
313,385,1.000000
313,352,1.000000
313,346,1.000000
315,317,1.000000
316,468,1.000000
318,456,1.000000
318,440,1.000000
323,435,1.000000
325,494,1.000000
325,487,1.000000
325,484,1.000000
325,479,1.000000
325,469,1.000000
325,467,1.000000
325,461,1.000000
325,443,1.000000
325,425,1.000000
325,419,1.000000
325,411,1.000000
325,395,1.000000
325,394,1.000000
325,387,1.000000
325,385,1.000000
325,380,1.000000
325,377,1.000000
325,370,1.000000
325,352,1.000000
325,346,1.000000
325,337,1.000000
328,410,1.000000
328,409,1.000000
329,416,1.000000
329,350,1.000000
329,341,1.000000
332,458,1.000000
332,347,1.000000
333,476,1.000000
334,442,1.000000
334,428,1.000000
334,373,1.000000
337,469,1.000000
337,467,1.000000
337,443,1.000000
337,425,1.000000
337,419,1.000000
337,411,1.000000
337,394,1.000000
337,387,1.000000
337,383,1.000000
337,380,1.000000
337,370,1.000000
337,346,1.000000
340,476,1.000000
340,465,1.000000
340,434,1.000000
340,357,1.000000
341,416,1.000000
341,350,1.000000
342,436,1.000000
345,392,1.000000
346,494,1.000000
346,484,1.000000
346,479,1.000000
346,469,1.000000
346,467,1.000000
346,461,1.000000
346,443,1.000000
346,419,1.000000
346,411,1.000000
346,404,1.000000
346,395,1.000000
346,394,1.000000
346,388,1.000000
346,387,1.000000
346,385,1.000000
346,380,1.000000
346,352,1.000000
347,458,1.000000
349,436,1.000000
350,416,1.000000
351,367,1.000000
352,494,1.000000
352,484,1.000000
352,479,1.000000
352,469,1.000000
352,467,1.000000
352,461,1.000000
352,443,1.000000
352,419,1.000000
352,411,1.000000
352,404,1.000000
352,395,1.000000
352,394,1.000000
352,388,1.000000
352,387,1.000000
352,385,1.000000
352,380,1.000000
354,498,1.000000
354,496,1.000000
354,473,1.000000
354,439,1.000000
354,430,1.000000
354,422,1.000000
354,400,1.000000
354,391,1.000000
354,384,1.000000
354,378,1.000000
354,359,1.000000
356,480,1.000000
356,451,1.000000
356,401,1.000000
358,500,1.000000
358,456,1.000000
358,415,1.000000
358,408,1.000000
359,473,1.000000
359,430,1.000000
359,402,1.000000
359,400,1.000000
359,391,1.000000
359,384,1.000000
359,378,1.000000
360,479,1.000000
360,395,1.000000
360,385,1.000000
360,377,1.000000
362,500,1.000000
362,456,1.000000
362,415,1.000000
362,408,1.000000
364,481,1.000000
367,396,1.000000
370,487,1.000000
370,469,1.000000
370,467,1.000000
370,443,1.000000
370,425,1.000000
370,419,1.000000
370,411,1.000000
370,387,1.000000
370,380,1.000000
373,442,1.000000
373,428,1.000000
374,421,1.000000
375,437,1.000000
377,479,1.000000
377,469,1.000000
377,461,1.000000
377,443,1.000000
377,395,1.000000
377,387,1.000000
377,385,1.000000
378,473,1.000000
378,439,1.000000
378,430,1.000000
378,422,1.000000
378,402,1.000000
378,400,1.000000
378,391,1.000000
378,384,1.000000
379,416,1.000000
380,494,1.000000
380,484,1.000000
380,469,1.000000
380,467,1.000000
380,443,1.000000
380,425,1.000000
380,419,1.000000
380,411,1.000000
380,394,1.000000
380,387,1.000000
383,497,1.000000
383,486,1.000000
384,473,1.000000
384,439,1.000000
384,430,1.000000
384,422,1.000000
384,402,1.000000
384,400,1.000000
384,391,1.000000
385,484,1.000000
385,479,1.000000
385,469,1.000000
385,467,1.000000
385,461,1.000000
385,443,1.000000
385,404,1.000000
385,395,1.000000
385,388,1.000000
385,387,1.000000
386,474,1.000000
387,487,1.000000
387,484,1.000000
387,479,1.000000
387,469,1.000000
387,467,1.000000
387,461,1.000000
387,443,1.000000
387,425,1.000000
387,419,1.000000
387,411,1.000000
387,395,1.000000
387,394,1.000000
388,494,1.000000
388,484,1.000000
388,480,1.000000
388,479,1.000000
388,467,1.000000
388,461,1.000000
388,451,1.000000
388,443,1.000000
388,404,1.000000
388,401,1.000000
388,395,1.000000
388,394,1.000000
391,430,1.000000
391,402,1.000000
391,400,1.000000
393,470,1.000000
393,459,1.000000
394,494,1.000000
394,484,1.000000
394,467,1.000000
394,461,1.000000
394,443,1.000000
394,419,1.000000
394,411,1.000000
394,395,1.000000
395,494,1.000000
395,484,1.000000
395,479,1.000000
395,469,1.000000
395,467,1.000000
395,461,1.000000
395,443,1.000000
395,411,1.000000
400,473,1.000000
400,430,1.000000
400,402,1.000000
401,480,1.000000
401,461,1.000000
401,451,1.000000
401,404,1.000000
402,473,1.000000
402,430,1.000000
404,494,1.000000
404,484,1.000000
404,480,1.000000
404,479,1.000000
404,461,1.000000
404,451,1.000000
408,500,1.000000
408,456,1.000000
408,415,1.000000
409,462,1.000000
409,410,1.000000
410,462,1.000000
411,487,1.000000
411,484,1.000000
411,469,1.000000
411,467,1.000000
411,461,1.000000
411,443,1.000000
411,425,1.000000
411,419,1.000000
414,477,1.000000
414,449,1.000000
415,500,1.000000
415,456,1.000000
418,492,1.000000
419,494,1.000000
419,484,1.000000
419,467,1.000000
419,443,1.000000
419,425,1.000000
422,498,1.000000
422,496,1.000000
422,473,1.000000
422,439,1.000000
422,430,1.000000
425,487,1.000000
425,469,1.000000
425,467,1.000000
425,443,1.000000
428,442,1.000000
430,473,1.000000
430,439,1.000000
434,468,1.000000
434,465,1.000000
435,489,1.000000
439,498,1.000000
439,496,1.000000
439,473,1.000000
443,494,1.000000
443,487,1.000000
443,484,1.000000
443,479,1.000000
443,469,1.000000
443,467,1.000000
443,461,1.000000
449,477,1.000000
450,454,1.000000
450,453,1.000000
451,480,1.000000
453,454,1.000000
456,500,1.000000
459,470,1.000000
461,494,1.000000
461,484,1.000000
461,479,1.000000
461,469,1.000000
461,467,1.000000
465,468,1.000000
467,494,1.000000
467,484,1.000000
467,479,1.000000
467,469,1.000000
469,487,1.000000
469,484,1.000000
469,479,1.000000
479,484,1.000000
481,485,1.000000
484,494,1.000000
486,497,1.000000
487,489,1.000000
496,498,1.000000